       4710.3794
       4712.3887
       4714.3924
       4716.3907
       4718.3834
       4720.3707
       4722.3524
       4724.3287
       4726.2995
       4728.2648
       4730.2246
       4732.1790
       4734.1278
       4736.0712
       4738.0092
       4739.9416
       4741.8686
       4743.7902
       4745.7063
       4747.6169
       4749.5221
       4751.4218
       4753.3161
       4755.2050
       4757.0884
       4758.9663
       4760.8389
       4762.7060
       4764.5677
       4766.4240
       4768.2749
       4770.1203
       4771.9604
       4773.7950
       4775.6242
       4777.4480
       4779.2665
       4781.0795
       4782.8872
       4784.6894
       4786.4863
       4788.2778
       4790.0639
       4791.8447
       4793.6201
       4795.3901
       4797.1547
       4798.9140
       4800.6680
       4802.4165
       4804.1598
       4805.8977
       4807.6302
       4809.3575
       4811.0794
       4812.7959
       4814.5072
       4816.2131
       4817.9137
       4819.6089
       4821.2989
       4822.9836
       4824.6629
       4826.3370
       4828.0058
       4829.6692
       4831.3274
       4832.9803
       4834.6279
       4836.2703
       4837.9074
       4839.5392
       4841.1657
       4842.7870
       4844.4030
       4846.0138
       4847.6193
       4849.2196
       4850.8146
       4852.4044
       4853.9890
       4855.5683
       4857.1424
       4858.7113
       4860.2750
       4861.8334
       4863.3867
       4864.9347
       4866.4775
       4868.0152
       4869.5476
       4871.0749
       4872.5970
       4874.1139
       4875.6256
       4877.1321
       4878.6335
       4880.1297
       4881.6208
       4883.1067
       4884.5874
       4886.0631
       4887.5335
       4888.9988
       4890.4590
       4891.9141
       4893.3640
       4894.8088
       4896.2485
       4897.6831
       4899.1126
       4900.5369
       4901.9562
       4903.3704
       4904.7794
       4906.1834
       4907.5823
       4908.9762
       4910.3649
       4911.7486
       4913.1272
       4914.5008
       4915.8693
       4917.2327
       4918.5911
       4919.9445
       4921.2928
       4922.6361
       4923.9743
       4925.3076
       4926.6358
       4927.9590
       4929.2771
       4930.5903
       4931.8985
       4933.2016
       4934.4998
       4935.7930
       4937.0812
       4938.3644
       4939.6427
       4940.9159
       4942.1842
       4943.4476
       4944.7060
       4945.9594
       4947.2079
       4948.4514
       4949.6900
       4950.9237
       4952.1524
       4953.3762
       4954.5951
       4955.8091
       4957.0182
       4958.2223
       4959.4216
       4960.6159
       4961.8054
       4962.9900
       4964.1697
       4965.3445
       4966.5144
       4967.6795
       4968.8397
       4969.9950
       4971.1455
       4972.2912
       4973.4320
       4974.5679
       4975.6990
       4976.8253
       4977.9468
       4979.0634
       4980.1753
       4981.2823
       4982.3845
       4983.4819
       4984.5745
       4985.6623
       4986.7453
       4987.8236
       4988.8970
       4989.9657
       4991.0297
       4992.0888
       4993.1432
       4994.1929
       4995.2378
       4996.2779
       4997.3133
       4998.3440
       4999.3700
       5000.3912
       5001.4077
       5002.4195
       5003.4266
       5004.4290
       5005.4267
       5006.4196
       5007.4079
       5008.3915
       5009.3705
       5010.3447
       5011.3143
       5012.2792
       5013.2395
       5014.1951
       5015.1461
       5016.0924
       5017.0340
       5017.9711
       5018.9035
       5019.8313
       5020.7544
       5021.6730
       5022.5869
       5023.4962
       5024.4010
       5025.3011
       5026.1966
       5027.0876
       5027.9740
       5028.8558
       5029.7330
       5030.6057
       5031.4738
       5032.3374
       5033.1964
       5034.0508
       5034.9008
       5035.7462
       5036.5870
       5037.4233
       5038.2552
       5039.0825
       5039.9053
       5040.7236
       5041.5374
       5042.3467
       5043.1515
       5043.9518
       5044.7477
       5045.5390
       5046.3259
       5047.1084
       5047.8864
       5048.6599
       5049.4290
       5050.1937
       5050.9539
       5051.7097
       5052.4610
       5053.2079
       5053.9505
       5054.6886
       5055.4223
       5056.1516
       5056.8765
       5057.5970
       5058.3131
       5059.0249
       5059.7322
       5060.4352
       5061.1339
       5061.8282
       5062.5181
       5063.2037
       5063.8849
       5064.5618
       5065.2344
       5065.9026
       5066.5665
       5067.2261
       5067.8814
       5068.5324
       5069.1791
       5069.8214
       5070.4595
       5071.0933
       5071.7229
       5072.3481
       5072.9691
       5073.5858
       5074.1982
       5074.8064
       5075.4104
       5076.0101
       5076.6055
       5077.1968
       5077.7838
       5078.3665
       5078.9451
       5079.5195
       5080.0896
       5080.6555
       5081.2173
       5081.7748
       5082.3282
       5082.8774
       5083.4224
       5083.9632
       5084.4999
       5085.0324
       5085.5608
       5086.0850
       5086.6050
       5087.1209
       5087.6327
       5088.1404
       5088.6439
       5089.1434
       5089.6387
       5090.1299
       5090.6170
       5091.1000
       5091.5789
       5092.0537
       5092.5245
       5092.9911
       5093.4537
       5093.9123
       5094.3667
       5094.8172
       5095.2635
       5095.7059
       5096.1442
       5096.5784
       5097.0086
       5097.4349
       5097.8570
       5098.2752
       5098.6894
       5099.0996
       5099.5058
       5099.9079
       5100.3061
       5100.7004
       5101.0906
       5101.4769
       5101.8592
       5102.2375
       5102.6119
       5102.9824
       5103.3489
       5103.7115
       5104.0701
       5104.4248
       5104.7756
       5105.1225
       5105.4655
       5105.8045
       5106.1397
       5106.4709
       5106.7983
       5107.1218
       5107.4414
       5107.7571
       5108.0690
       5108.3770
       5108.6812
       5108.9815
       5109.2779
       5109.5705
       5109.8593
       5110.1442
       5110.4253
       5110.7026
       5110.9761
       5111.2458
       5111.5116
       5111.7737
       5112.0319
       5112.2864
       5112.5371
       5112.7840
       5113.0272
       5113.2666
       5113.5022
       5113.7340
       5113.9621
       5114.1865
       5114.4071
       5114.6240
       5114.8371
       5115.0466
       5115.2523
       5115.4543
       5115.6525
       5115.8471
       5116.0380
       5116.2252
       5116.4087
       5116.5885
       5116.7646
       5116.9371
       5117.1059
       5117.2710
       5117.4325
       5117.5903
       5117.7445
       5117.8950
       5118.0419
       5118.1852
       5118.3249
       5118.4609
       5118.5933
       5118.7221
       5118.8473
       5118.9689
       5119.0869
       5119.2014
       5119.3122
       5119.4195
       5119.5232
       5119.6233
       5119.7199
       5119.8129
       5119.9023
       5119.9882
       5120.0706
       5120.1494
       5120.2247
       5120.2965
       5120.3648
       5120.4295
       5120.4908
       5120.5485
       5120.6027
       5120.6535
       5120.7007
       5120.7445
       5120.7848
       5120.8216
       5120.8550
       5120.8849
       5120.9113
       5120.9343
       5120.9538
       5120.9699
       5120.9826
       5120.9918
       5120.9976
       5121.0000
       5120.9990
       5120.9945
       5120.9867
       5120.9754
       5120.9608
       5120.9428
       5120.9214
       5120.8966
       5120.8684
       5120.8369
       5120.8020
       5120.7638
       5120.7222
       5120.6772
       5120.6289
       5120.5773
       5120.5223
       5120.4641
       5120.4024
       5120.3375
       5120.2693
       5120.1978
       5120.1229
       5120.0448
       5119.9634
       5119.8786
       5119.7906
       5119.6994
       5119.6048
       5119.5070
       5119.4060
       5119.3017
       5119.1941
       5119.0833
       5118.9693
       5118.8520
       5118.7315
       5118.6077
       5118.4808
       5118.3506
       5118.2173
       5118.0807
       5117.9409
       5117.7980
       5117.6518
       5117.5025
       5117.3500
       5117.1943
       5117.0354
       5116.8734
       5116.7083
       5116.5399
       5116.3685
       5116.1939
       5116.0161
       5115.8352
       5115.6512
       5115.4641
       5115.2739
       5115.0805
       5114.8841
       5114.6845
       5114.4819
       5114.2761
       5114.0673
       5113.8554
       5113.6404
       5113.4223
       5113.2012
       5112.9770
       5112.7498
       5112.5195
       5112.2862
       5112.0498
       5111.8104
       5111.5679
       5111.3225
       5111.0740
       5110.8225
       5110.5680
       5110.3105
       5110.0499
       5109.7864
       5109.5199
       5109.2504
       5108.9780
       5108.7025
       5108.4241
       5108.1427
       5107.8584
       5107.5711
       5107.2809
       5106.9877
       5106.6915
       5106.3925
       5106.0905
       5105.7856
       5105.4777
       5105.1670
       5104.8533
       5104.5367
       5104.2172
       5103.8949
       5103.5696
       5103.2415
       5102.9104
       5102.5765
       5102.2398
       5101.9001
       5101.5576
       5101.2123
       5100.8640
       5100.5130
       5100.1591
       5099.8024
       5099.4428
       5099.0804
       5098.7152
       5098.3471
       5097.9763
       5097.6027
       5097.2262
       5096.8469
       5096.4649
       5096.0801
       5095.6924
       5095.3021
       5094.9089
       5094.5129
       5094.1142
       5093.7128
       5093.3086
       5092.9016
       5092.4919
       5092.0795
       5091.6643
       5091.2464
       5090.8257
       5090.4024
       5089.9763
       5089.5475
       5089.1160
       5088.6818
       5088.2450
       5087.8054
       5087.3631
       5086.9182
       5086.4705
       5086.0203
       5085.5673
       5085.1117
       5084.6534
       5084.1924
       5083.7289
       5083.2626
       5082.7938
       5082.3223
       5081.8481
       5081.3714
       5080.8920
       5080.4100
       5079.9254
       5079.4382
       5078.9484
       5078.4560
       5077.9610
       5077.4634
       5076.9632
       5076.4605
       5075.9552
       5075.4473
       5074.9369
       5074.4238
       5073.9083
       5073.3902
       5072.8695
       5072.3463
       5071.8206
       5071.2923
       5070.7615
       5070.2282
       5069.6924
       5069.1541
       5068.6132
       5068.0699
       5067.5240
       5066.9757
       5066.4249
       5065.8716
       5065.3158
       5064.7575
       5064.1968
       5063.6335
       5063.0679
       5062.4998
       5061.9292
       5061.3562
       5060.7807
       5060.2028
       5059.6224
       5059.0397
       5058.4545
       5057.8669
       5057.2768
       5056.6844
       5056.0896
       5055.4923
       5054.8927
       5054.2906
       5053.6862
       5053.0794
       5052.4702
       5051.8586
       5051.2447
       5050.6284
       5050.0097
       5049.3887
       5048.7654
       5048.1396
       5047.5116
       5046.8812
       5046.2484
       5045.6134
       5044.9760
       5044.3363
       5043.6943
       5043.0499
       5042.4033
       5041.7543
       5041.1031
       5040.4495
       5039.7937
       5039.1356
       5038.4752
       5037.8125
       5037.1476
       5036.4804
       5035.8109
       5035.1392
       5034.4652
       5033.7889
       5033.1104
       5032.4297
       5031.7468
       5031.0616
       5030.3741
       5029.6845
       5028.9926
       5028.2985
       5027.6023
       5026.9038
       5026.2031
       5025.5002
       5024.7951
       5024.0878
       5023.3783
       5022.6667
       5021.9529
       5021.2369
       5020.5187
       5019.7984
       5019.0759
       5018.3513
       5017.6245
       5016.8956
       5016.1645
       5015.4313
       5014.6960
       5013.9585
       5013.2189
       5012.4772
       5011.7334
       5010.9874
       5010.2394
       5009.4893
       5008.7370
       5007.9827
       5007.2262
       5006.4677
       5005.7071
       5004.9444
       5004.1797
       5003.4129
       5002.6440
       5001.8731
       5001.1001
       5000.3250
       4999.5479
       4998.7688
       4997.9876
       4997.2044
       4996.4191
       4995.6318
       4994.8425
       4994.0512
       4993.2579
       4992.4625
       4991.6652
       4990.8658
       4990.0645
       4989.2612
       4988.4558
       4987.6485
       4986.8392
       4986.0279
       4985.2147
       4984.3995
       4983.5823
       4982.7631
       4981.9420
       4981.1190
       4980.2940
       4979.4670
       4978.6381
       4977.8073
       4976.9746
       4976.1399
       4975.3033
       4974.4647
       4973.6243
       4972.7819
       4971.9377
       4971.0915
       4970.2434
       4969.3935
       4968.5416
       4967.6879
       4966.8322
       4965.9747
       4965.1153
       4964.2541
       4963.3910
       4962.5260
       4961.6591
       4960.7904
       4959.9199
       4959.0475
       4958.1732
       4957.2971
       4956.4192
       4955.5394
       4954.6579
       4953.7745
       4952.8892
       4952.0022
       4951.1133
       4950.2227
       4949.3302
       4948.4359
       4947.5399
       4946.6420
       4945.7424
       4944.8409
       4943.9377
       4943.0327
       4942.1260
       4941.2174
       4940.3071
       4939.3951
       4938.4813
       4937.5657
       4936.6484
       4935.7293
       4934.8085
       4933.8859
       4932.9616
       4932.0356
       4931.1079
       4930.1784
       4929.2472
       4928.3143
       4927.3797
       4926.4434
       4925.5054
       4924.5657
       4923.6243
       4922.6811
       4921.7363
       4920.7899
       4919.8417
       4918.8918
       4917.9403
       4916.9871
       4916.0323
       4915.0758
       4914.1176
       4913.1578
       4912.1963
       4911.2332
       4910.2684
       4909.3020
       4908.3339
       4907.3642
       4906.3929
       4905.4200
       4904.4454
       4903.4693
       4902.4915
       4901.5121
       4900.5311
       4899.5485
       4898.5642
       4897.5784
       4896.5910
       4895.6021
       4894.6115
       4893.6193
       4892.6256
       4891.6303
       4890.6334
       4889.6350
       4888.6350
       4887.6334
       4886.6303
       4885.6257
       4884.6194
       4883.6117
       4882.6024
       4881.5915
       4880.5792
       4879.5653
       4878.5498
       4877.5329
       4876.5144
       4875.4944
       4874.4729
       4873.4499
       4872.4254
       4871.3994
       4870.3719
       4869.3429
       4868.3124
       4867.2804
       4866.2469
       4865.2120
       4864.1755
       4863.1376
       4862.0982
       4861.0574
       4860.0151
       4858.9713
       4857.9261
       4856.8795
       4855.8313
       4854.7818
       4853.7308
       4852.6783
       4851.6244
       4850.5691
       4849.5124
       4848.4542
       4847.3946
       4846.3336
       4845.2712
       4844.2074
       4843.1422
       4842.0755
       4841.0075
       4839.9380
       4838.8672
       4837.7950
       4836.7214
       4835.6464
       4834.5700
       4833.4923
       4832.4131
       4831.3327
       4830.2508
       4829.1676
       4828.0830
       4826.9971
       4825.9098
       4824.8211
       4823.7311
       4822.6398
       4821.5471
       4820.4531
       4819.3578
       4818.2611
       4817.1631
       4816.0638
       4814.9632
       4813.8612
       4812.7579
       4811.6534
       4810.5475
       4809.4403
       4808.3318
       4807.2220
       4806.1109
       4804.9986
       4803.8849
       4802.7700
       4801.6538
       4800.5363
       4799.4175
       4798.2975
       4797.1761
       4796.0536
       4794.9297
       4793.8047
       4792.6783
       4791.5507
       4790.4219
       4789.2918
       4788.1605
       4787.0279
       4785.8941
       4784.7591
       4783.6228
       4782.4853
       4781.3466
       4780.2067
       4779.0655
       4777.9232
       4776.7796
       4775.6348
       4774.4888
       4773.3417
       4772.1933
       4771.0437
       4769.8930
       4768.7410
       4767.5879
       4766.4336
       4765.2781
       4764.1214
       4762.9636
       4761.8046
       4760.6444
       4759.4831
       4758.3206
       4757.1569
       4755.9921
       4754.8262
       4753.6591
       4752.4908
       4751.3214
       4750.1509
       4748.9792
       4747.8065
       4746.6325
       4745.4575
       4744.2813
       4743.1040
       4741.9256
       4740.7461
       4739.5655
       4738.3837
       4737.2009
       4736.0170
       4734.8319
       4733.6458
       4732.4586
       4731.2702
       4730.0808
       4728.8903
       4727.6988
       4726.5061
       4725.3124
       4724.1176
       4722.9218
       4721.7248
       4720.5268
       4719.3278
       4718.1277
       4716.9265
       4715.7243
       4714.5210
       4713.3167
       4712.1114
       4710.9050
       4709.6976
       4708.4891
       4707.2797
       4706.0691
       4704.8576
       4703.6450
       4702.4315
       4701.2169
