       19.087718
       15.915167
       17.136647
       19.055617
       16.914727
       19.833670
       17.816046
       17.743032
       17.604142
       17.913025
       15.294270
       17.563355
       19.284889
       17.323680
       18.226777
       17.898480
       16.119548
       19.215630
       17.089248
       15.408108
       15.057021
       16.200521
       19.252016
       17.100420
       15.367756
       15.878684
       18.989731
       19.063203
       18.630354
       19.003467
       19.030201
       15.191062
       16.249794
       17.003949
       15.248893
       15.181473
       18.700033
       19.854536
       19.703837
       18.138312
       15.805962
       17.062316
       18.167045
       18.354786
       18.233416
       19.148945
       20.730678
       32.749183
       60.951064
       106.22461
       172.73359
       243.61445
       301.97323
       314.17537
       278.41046
       210.89787
       136.76761
       78.479953
       46.774856
       27.348000
       20.220443
       17.631868
       19.655797
       16.465848
       16.357529
       17.527297
       19.319873
       18.641713
       16.062929
       16.147524
       15.019373
       18.035759
       17.283246
       16.760921
       15.322988
       16.162390
       19.582839
       15.075185
       18.780400
       16.101738
       19.599318
       15.739095
       15.365462
       17.288903
       17.212225
       16.888304
       16.296976
       19.130780
       15.589329
       18.268545
       15.059903
       16.962887
       15.675017
       18.199586
       15.932718
       19.432786
       18.455456
       18.142707
       15.205366
       18.008648
       17.185233
       15.597984
       15.704821
       15.592325
       19.300432
       17.334166
       16.724619
       15.872689
       16.578014
       15.446906
       15.442785
       16.346492
       15.015032
       16.184795
       16.289682
       16.846545
       15.835050
       19.687037
       15.682049
       17.363441
       17.305623
       15.158020
       16.242312
       15.758733
       16.655214
       15.033400
       19.885212
       16.004348
       16.180138
       15.319024
       15.485324
       17.356502
       19.178002
       17.638526
       16.014300
       15.218708
       16.069216
       17.110944
       17.420973
       16.488439
       15.852569
       15.394675
       19.867706
       17.559958
       17.145065
       17.190124
       19.674901
       18.294559
       16.785081
       16.038876
       15.649265
       16.842801
       18.464569
       18.925451
       16.175116
       15.822864
       19.640401
       17.233075
       18.934506
       17.804570
       15.801112
       17.788510
       18.273065
       15.049756
       17.995928
       19.532779
       16.491213
       19.773287
       17.493502
       19.410351
       16.681378
       16.960968
       17.849741
       16.851272
       16.698836
       19.715976
       19.274564
       15.722625
       18.929714
       16.798553
       15.217327
       18.628884
       15.335050
       16.219622
       16.408210
       15.106163
       17.826042
       19.085517
       16.193111
       17.407858
       17.605526
       17.897784
       19.751769
       15.173616
       16.248732
       19.749810
       20.924621
       20.222758
       29.199518
       40.129604
       55.462149
       75.404862
       102.71858
       123.64161
       135.31003
       136.47269
       122.90873
       102.36714
       77.848994
       55.431756
       42.659472
       27.022813
       21.781452
       19.251110
       17.240351
       17.008953
       16.467911
       18.153166
       19.809926
       17.677056
       19.407130
       17.132751
       23.406329
       30.208457
       47.120712
       72.534003
       96.035850
       108.64154
       97.442091
       78.325699
       52.048020
       34.498670
       25.887203
       18.600380
       20.849474
       25.616160
       43.405074
       74.725411
       131.71706
       211.86531
       281.11384
       316.78071
       300.49887
       237.26672
       158.36577
       94.205650
       50.513699
       27.160282
       21.599943
       19.684191
       19.044790
       18.778292
       22.294285
       32.386375
       50.441412
       83.973727
       123.12245
       157.24106
       166.11297
       150.76877
       110.21090
       75.666008
       42.967423
       26.186708
       21.705757
       16.482839
       16.734748
       15.857553
       19.124787
       18.949200
       17.340333
       18.758585
       16.729170
       16.824401
       19.356816
       18.141745
       18.164250
       19.571253
       21.789758
       30.743993
       43.692116
       61.400520
       83.988677
       102.39298
       109.75064
       102.77262
       93.246035
       80.644024
       79.716561
       87.330414
       107.71006
       126.49603
       135.10089
       134.18736
       125.67110
       103.92097
       77.821639
       54.395425
       38.578315
       27.138559
       23.264459
       23.031776
       20.472044
       26.820708
       38.500124
       54.217890
       82.739504
       110.77568
       143.43054
       161.06973
       166.98908
       153.57642
       128.79694
       96.303264
       69.457674
       48.465970
       31.502755
       22.358945
       22.586071
       19.130459
       15.923402
       15.638825
       16.047891
       16.274377
       18.949517
       15.071290
       19.462606
       17.895761
       15.457446
       18.258250
       17.643420
       15.954055
       20.309456
       23.328725
       38.980658
       60.079331
       99.560492
       138.24901
       168.55816
       176.97876
       162.05836
       132.39269
       110.42085
       94.387764
       85.470767
       76.980749
       67.425206
       53.329838
       39.604955
       31.583283
       25.366584
       20.236973
       20.004658
       17.295691
       16.708682
       19.617455
       20.768014
       21.186061
       24.800159
       37.405300
       53.348121
       76.465782
       109.57716
       150.74570
       183.17059
       181.99928
       159.44442
       116.22263
       85.699205
       69.074130
       78.604635
       103.96637
       133.58702
       155.71459
       168.79961
       159.51722
       138.06590
       105.65547
       76.226687
       51.586304
       37.590485
       25.901323
       22.189983
       18.758193
       16.618875
       17.590690
       18.629810
       17.831182
       21.317688
       26.094508
       39.356252
       67.249642
       102.54746
       143.32315
       168.01941
       160.52022
       133.10986
       92.007928
       56.149106
       33.888836
       22.493810
       17.949970
       16.847570
       17.341251
       17.986051
       19.778855
       15.459637
       19.903840
       16.947141
       18.435062
       20.201188
       22.514947
       27.952204
       39.072540
       56.230130
       88.235709
       120.75932
       151.33378
       165.17445
       160.69670
       135.41287
       103.78116
       69.684482
       46.470988
       31.188865
       21.967579
       20.912124
       16.934935
       17.128115
       19.264022
       17.740306
       17.901470
       23.487913
       26.255977
       34.376004
       41.821673
       44.844714
       45.920963
       42.203907
       32.614487
       26.095749
       29.720158
       35.965382
       53.463098
       85.859962
       121.81691
       155.23346
       168.63384
       154.61153
       119.94964
       82.037197
       50.315013
       35.127192
       21.329256
       19.156406
       15.828247
       17.019634
       17.926492
       20.152503
       28.394851
       45.670868
       74.507399
       113.32942
       147.82484
       165.70664
       162.56799
       131.94028
       99.387326
       75.183867
       70.122082
       83.517039
       122.89094
       179.41697
       241.40016
       293.44320
       316.72719
       309.12897
       266.87455
       208.68561
       151.14257
       97.345379
       59.557240
       39.182654
       28.414262
       21.183696
       16.905900
       18.594985
       18.787548
       18.628081
       16.255513
       19.846647
       16.002744
       19.997607
       16.108193
       15.207730
       15.796311
       15.585264
       16.313746
       16.594937
       19.365969
       19.161833
       19.519107
       19.454770
       15.361626
       16.049435
       15.348995
       18.649982
       16.454553
       19.721961
       16.312501
       16.976157
       16.936591
       19.422111
       17.826551
       19.102125
       22.152991
       29.606886
       47.590913
       78.549929
       121.96668
       163.81743
       199.04864
       210.99634
       191.32667
       153.69403
       108.44470
       70.623143
       43.691932
       33.837389
       30.599050
       35.942117
       40.230754
       44.765932
       47.254668
       43.086725
       41.286896
       34.095609
       24.459747
       21.450547
       19.511894
       17.788310
       20.075249
       16.550568
       18.287569
       16.533168
       17.113044
       19.926978
       16.187958
       18.091705
       18.089752
       19.825069
       16.606203
       21.058729
       27.464572
       38.326075
       58.662988
       84.572764
       117.22712
       146.52755
       162.61860
       163.54964
       147.41737
       120.61472
       86.436864
       59.763915
       43.096868
       28.345525
       23.930704
       21.175335
       18.395449
       17.318091
       19.775024
       19.984500
       18.299268
       15.191253
       18.847144
       17.892568
       19.821600
       16.596990
       19.218846
       16.981264
       18.286142
       15.622868
       18.225944
       19.469510
       19.111013
       16.784635
       15.439615
       19.166208
       20.061054
       26.182987
       36.055305
       53.572479
       73.488821
       89.915368
       91.096053
       77.623701
       57.025538
       36.716394
       24.276414
       18.045707
       16.869442
       16.292643
       15.077627
       16.289640
       17.078385
       18.859789
       21.418281
       23.758165
       25.366585
       28.340373
       31.138695
       30.220732
       31.124730
       28.524620
       25.680442
       23.631059
       21.254931
       19.889327
       15.891166
       17.602936
       18.179539
       19.137666
       18.221783
       19.723457
       15.572565
       15.719747
       19.652460
       15.268656
       16.402416
       15.866640
       17.741617
       15.237841
       16.281451
       17.352146
       15.397954
       17.114299
       16.913274
       16.117756
       18.197361
       15.421910
       18.480133
       15.883377
       17.524824
       18.128808
       19.490473
       15.211413
       19.604077
       18.968661
       19.901596
       15.608117
       19.180848
       15.751498
       17.511392
       15.197847
       15.763201
       16.877661
       18.626120
       16.892955
       15.116249
       16.092592
       15.235368
       18.053501
       18.409339
       17.839971
       18.096046
       17.598627
       17.857920
       15.327161
       16.385895
       15.718445
       15.185644
       17.590147
       16.416941
       18.203889
       15.219208
       16.134376
       19.200898
       18.547443
       17.744591
       19.713786
       16.047432
       15.824812
       18.337625
       15.120957
       16.355868
       19.437486
       19.295715
       18.481930
       17.456303
       26.090299
       36.254661
       78.709528
       170.55721
       344.68390
       616.62999
       959.53112
       1290.4338
       1495.2875
       1480.7337
       1265.8242
       924.57527
       584.69808
       324.11743
       156.93888
       72.882342
       34.907908
       24.264722
       18.188864
       15.909401
       17.194649
       15.605666
       19.626449
       17.127691
       16.802201
       18.439865
       18.734534
       15.168450
       17.511166
       17.989587
       18.513423
       17.249421
       16.404435
       15.920833
       16.931322
       17.499373
       19.900548
       19.733473
       19.201920
       18.068268
       15.229499
       19.577778
       16.034703
       20.369369
       22.578443
       39.299712
       76.721844
       160.91135
       314.40611
       546.12595
       830.35175
       1080.0639
       1210.3815
       1166.9394
       960.50830
       682.69340
       419.55414
       226.99065
       110.48132
       50.581323
       29.973958
       18.158403
       18.817189
       16.236385
       16.544005
       17.978522
       17.244800
       17.228860
       19.250261
       17.595013
       15.550379
       19.379047
       18.323022
       17.491452
       17.892572
       15.247714
       18.366676
       16.304262
       19.521253
       18.503380
       15.534941
       18.623996
       16.361877
       16.021400
       19.909959
       15.457935
       15.991106
       17.953160
       19.642614
       18.645771
       19.087659
       18.866905
       18.869551
       17.003865
       18.100806
       18.362841
       16.841567
       18.547256
       19.186922
       18.993184
       16.759524
       15.565178
       20.244434
       19.982613
       22.986470
       28.165324
       46.981120
       91.171541
       164.36849
       289.81263
       469.70580
       678.44469
       883.47566
       1027.8370
       1067.8626
       989.80735
       820.46375
       611.45500
       405.57808
       247.30744
       136.22009
       74.382557
       39.659650
       24.487040
       20.080948
       20.263233
       16.266677
       16.675506
       15.814375
       17.397123
       20.651737
       30.782650
       49.279537
       85.078222
       165.44223
       292.10597
       466.16943
       681.76676
       887.72721
       1027.4101
       1066.9936
       984.24055
       810.98670
       593.42693
       391.73414
       235.58930
       129.44387
       69.530315
       36.077229
       25.948130
       18.853202
       18.529191
       16.725500
       19.126293
       18.249004
       16.134589
       16.590381
       18.969972
       17.779866
       18.228342
       15.235838
       18.405833
       15.749711
       19.168091
       18.480707
       18.583869
       17.406651
       15.724379
       15.535960
       15.450941
       19.934169
       19.388448
       18.875688
       15.386770
       19.632537
       16.363982
       19.636009
       18.268654
       18.172146
       18.202167
       18.812141
       18.261562
       15.649032
       16.345164
       16.263961
       16.832012
       17.408821
       15.144365
       18.693688
       19.896468
       19.055647
       16.714438
       19.711234
       17.435166
       16.459954
       15.548193
       18.163541
       17.862063
       17.697718
       19.566441
       18.393717
       18.885318
       18.281244
       17.244693
       19.224994
       18.265946
       18.888790
       18.167364
       19.040933
       16.185575
       18.727596
       19.344611
       17.957648
       16.549220
       15.286433
       19.263756
       17.873034
       16.320936
       19.029560
       25.781959
       53.294565
       113.21422
       231.86529
       426.52540
       663.55573
       858.36748
       916.43762
       810.90786
       595.22312
       366.54881
       192.18766
       88.120430
       41.826060
       27.000897
       29.982933
       39.657290
       52.247981
       66.622797
       78.142911
       75.665929
       64.070028
       54.452048
       53.177178
       78.384871
       136.87425
       230.45115
       344.25577
       430.96528
       451.26308
       396.61789
       291.28226
       183.37245
       98.094961
       49.362963
       27.114817
       23.381596
       22.105205
       24.323601
       30.763543
       56.274114
       101.77345
       169.32132
       259.86835
       349.29945
       402.17602
       396.96914
       342.36308
       257.42102
       174.39911
       123.94805
       119.16423
       139.97558
       179.22362
       197.99096
       185.12243
       148.86469
       99.837081
       61.592540
       35.391278
       25.018229
       18.781966
       16.427206
       15.606299
       19.819039
       18.369900
       17.533165
       15.840126
       18.519221
       16.025734
       18.279572
       17.105894
       18.390015
       19.711895
       16.520480
       16.850794
       19.491959
       17.194489
       17.044888
       17.359215
       17.372871
       19.049936
       16.352209
       17.771136
       15.584936
       19.763284
       19.953790
       17.545995
       17.813756
       15.298296
       16.492578
       18.350208
       16.322065
       17.770322
       15.797848
       15.799897
       17.237250
       16.865326
       16.935924
       16.207430
       19.903472
       19.723713
       18.720755
       17.655011
       16.438947
       17.515348
       17.854337
       19.379048
       17.073949
       15.531567
       19.422784
       18.744898
       16.742896
       19.793502
       18.506678
