        1127
        1111
        1172
        1090
        1128
        1122
        1111
        1152
        1071
        1136
        1153
        1125
        1182
        1159
        1135
        1148
        1117
        1106
        1124
        1055
        1166
        1071
        1099
        1125
        1129
        1168
        1164
        1147
        1122
        1118
        1164
        1161
        1142
        1158
        1145
        1119
        1172
        1133
        1099
        1206
        1094
        1101
        1100
        1160
        1135
        1091
        1200
        1164
        1193
        1104
        1121
        1091
        1154
        1121
        1158
        1163
        1142
        1151
        1115
        1151
        1092
        1134
        1212
        1109
        1163
        1130
        1144
        1161
        1137
        1167
        1181
        1075
        1197
        1134
        1096
        1202
        1100
        1130
        1064
        1115
        1160
        1094
        1184
        1142
        1138
        1168
        1123
        1123
        1144
        1157
        1129
        1159
        1167
        1120
        1200
        1103
        1133
        1060
        1144
        1191
        1102
        1124
        1139
        1151
        1131
        1122
        1188
        1075
        1101
        1120
        1134
        1128
        1160
        1157
        1131
        1126
        1121
        1146
        1167
        1171
        1248
        1091
        1127
        1156
        1129
        1114
        1092
        1139
        1140
        1185
        1156
        1142
        1145
        1119
        1116
        1100
        1102
        1129
        1117
        1171
        1131
        1150
        1137
        1166
        1138
        1155
        1144
        1117
        1079
        1154
        1106
        1176
        1119
        1158
        1191
        1109
        1109
        1096
        1173
        1175
        1144
        1108
        1156
        1117
        1127
        1149
        1170
        1103
        1181
        1110
        1183
        1127
        1123
        1151
        1127
        1143
        1173
        1127
        1191
        1176
        1133
        1140
        1123
        1119
        1139
        1162
        1104
        1122
        1179
        1120
        1142
        1126
        1098
        1161
        1123
        1164
        1125
        1170
        1125
        1102
        1123
        1133
        1113
        1110
        1180
        1168
        1132
        1112
        1218
        1136
        1148
        1070
        1251
        1134
        1119
        1152
        1145
        1147
        1085
        1118
        1135
        1092
        1189
        1146
        1165
        1077
        1121
        1123
        1196
        1054
        1102
        1148
        1092
        1121
        1134
        1129
        1132
        1168
        1207
        1083
        1103
        1179
        1167
        1109
        1153
        1125
        1102
        1120
        1082
        1137
        1112
        1120
        1137
        1111
        1144
        1172
        1175
        1135
        1188
        1173
        1132
        1152
        1150
        1168
        1129
        1118
        1108
        1148
        1170
        1112
        1132
        1200
        1123
        1162
        1090
        1095
        1173
        1135
        1188
        1108
        1178
        1119
        1111
        1112
        1085
        1208
        1147
        1155
        1165
        1091
        1126
        1145
        1113
        1216
        1127
        1209
        1172
        1164
        1109
        1116
        1146
        1175
        1165
        1137
        1184
        1154
        1101
        1113
        1152
        1141
        1148
        1173
        1227
        1112
        1140
        1080
        1130
        1140
        1106
        1173
        1105
        1102
        1138
        1069
        1143
        1122
        1160
        1126
        1131
        1155
        1182
        1143
        1194
        1132
        1136
        1103
        1105
        1130
        1147
        1122
        1184
        1093
        1141
        1100
        1146
        1110
        1168
        1214
        1118
        1137
        1180
        1168
        1123
        1143
        1145
        1050
        1216
        1171
        1120
        1152
        1175
        1064
        1132
        1179
        1158
        1132
        1095
        1113
        1117
        1150
        1166
        1103
        1065
        1151
        1162
        1115
        1150
        1186
        1066
        1100
        1105
        1136
        1090
        1171
        1149
        1132
        1122
        1129
        1141
        1132
        1129
        1096
        1116
        1114
        1106
        1191
        1108
        1146
        1119
        1152
        1162
        1172
        1099
        1135
        1161
        1174
        1106
        1098
        1145
        1154
        1125
        1173
        1132
        1137
        1198
        1144
        1195
        1187
        1116
        1164
        1127
        1137
        1147
        1122
        1110
        1192
        1147
        1084
        1122
        1133
        1116
        1120
        1125
        1140
        1145
        1085
        1129
        1091
        1129
        1161
        1121
        1187
        1132
        1117
        1085
        1122
        1144
        1158
        1175
        1151
        1147
        1143
        1154
        1093
        1146
        1165
        1173
        1110
        1143
        1172
        1184
        1079
        1155
        1084
        1109
        1128
        1144
        1183
        1139
        1123
        1138
        1142
        1128
        1153
        1097
        1178
        1112
        1119
        1137
        1174
        1082
        1190
        1172
        1140
        1150
        1100
        1129
        1115
        1070
        1087
        1097
        1144
        1110
        1131
        1162
        1139
        1161
        1107
        1084
        1108
        1153
        1109
        1105
        1087
        1102
        1087
        1147
        1134
        1192
        1135
        1212
        1123
        1106
        1134
        1143
        1154
        1157
        1090
        1151
        1160
        1098
        1093
        1178
        1109
        1125
        1152
        1174
        1147
        1146
        1074
        1133
        1157
        1125
        1139
        1127
        1137
        1155
        1106
        1177
        1184
        1157
        1152
        1128
        1130
        1162
        1128
        1144
        1133
        1099
        1143
        1162
        1176
        1181
        1143
        1115
        1096
        1144
        1116
        1155
        1144
        1152
        1192
        1130
        1137
        1144
        1128
        1134
        1145
        1161
        1164
        1148
        1149
        1081
        1094
        1082
        1116
        1106
        1149
        1103
        1167
        1148
        1128
        1155
        1161
        1175
        1109
        1141
        1166
        1075
        1133
        1124
        1197
        1161
        1146
        1149
        1129
        1165
        1146
        1121
        1121
        1163
        1120
        1148
        1083
        1178
        1116
        1175
        1106
        1050
        1167
        1179
        1166
        1145
        1149
        1089
        1107
        1121
        1136
        1140
        1138
        1076
        1094
        1193
        1112
        1135
        1118
        1126
        1194
        1164
        1186
        1171
        1144
        1132
        1070
        1089
        1103
        1094
        1121
        1129
        1165
        1217
        1150
        1141
        1125
        1166
        1156
        1152
        1178
        1138
        1093
        1146
        1121
        1130
        1141
        1128
        1084
        1147
        1142
        1142
        1136
        1159
        1105
        1169
        1199
        1073
        1135
        1155
        1153
        1105
        1161
        1136
        1128
        1173
        1097
        1151
        1097
        1190
        1150
        1154
        1148
        1102
        1161
        1132
        1181
        1120
        1179
        1163
        1113
        1202
        1106
        1213
        1160
        1176
        1108
        1099
        1183
        1116
        1084
        1169
        1134
        1148
        1197
        1130
        1057
        1161
        1129
        1070
        1202
        1122
        1183
        1175
        1181
        1126
        1151
        1137
        1161
        1188
        1111
        1209
        1153
        1100
        1154
        1159
        1096
        1126
        1117
        1130
        1142
        1125
        1170
        1091
        1172
        1152
        1169
        1084
        1133
        1123
        1131
        1124
        1161
        1162
        1164
        1196
        1107
        1062
        1125
        1176
        1135
        1122
        1118
        1106
        1216
        1136
        1169
        1145
        1169
        1131
        1179
        1156
        1081
        1174
        1192
        1139
        1134
        1142
        1177
        1104
        1156
        1109
        1120
        1105
        1149
        1101
        1215
        1148
        1099
        1152
        1144
        1130
        1155
        1164
        1125
        1184
        1131
        1142
        1088
        1121
        1217
        1147
        1130
        1149
        1082
        1115
        1087
        1170
        1163
        1168
        1143
        1151
        1181
        1105
        1128
        1128
        1152
        1131
        1194
        1183
        1141
        1131
        1103
        1184
        1092
        1126
        1191
        1071
        1126
        1167
        1184
        1076
        1135
        1163
        1108
        1170
        1145
        1090
        1161
        1124
        1178
        1129
        1172
        1176
        1168
        1179
        1203
        1159
        1155
        1171
        1119
        1203
        1136
        1130
        1152
        1083
        1089
        1073
        1228
        1179
        1115
        1129
        1167
        1201
        1175
        1071
        1153
        1189
        1140
        1138
        1174
        1120
        1097
        1089
        1191
        1132
        1114
        1153
        1166
        1098
        1093
        1136
        1131
        1102
        1124
        1127
        1137
        1114
        1143
        1141
        1048
        1114
        1170
        1121
        1119
        1052
        1093
        1086
        1097
        1085
        1159
        1223
        1122
        1138
        1211
        1116
        1135
        1158
        1117
        1155
        1123
        1173
        1130
        1183
        1090
        1147
        1211
        1205
        1154
        1129
        1078
        1216
        1113
        1222
        1161
        1099
        1085
        1167
        1108
        1182
        1141
        1180
        1142
        1133
        1151
        1185
        1143
        1114
        1107
        1155
        1129
        1131
        1165
        1171
        1147
        1156
        1114
        1145
        1137
        1085
        1123
        1165
        1176
        1159
        1099
        1112
        1169
        1100
        1129
        1147
        1142
        1172
        1187
        1188
        1130
        1195
        1180
        1180
        1170
        1119
        1140
        1157
        1151
        1149
        1103
        1178
        1153
        1103
        1152
        1160
        1120
        1150
        1125
        1134
        1111
        1170
        1145
        1098
        1147
        1076
        1129
        1146
        1110
        1157
        1111
        1155
        1104
        1075
        1182
        1088
        1150
        1146
        1156
        1079
        1123
        1151
        1104
        1143
        1116
        1114
        1079
        1122
        1121
